(3.333333,2.500000,9.177868)(-0.167025,-0.182462,0.968922)(0.000000,0.000000)
(3.333333,7.500000,10.119441)(-0.093817,0.028779,0.995173)(0.000000,0.000000)
(3.333333,12.500000,9.974849)(-0.192987,0.053049,0.979766)(0.000000,0.000000)
(3.333333,17.500000,9.704124)(-0.235276,-0.021285,0.971696)(0.000000,0.000000)
(3.333333,22.500000,9.813652)(-0.099353,-0.079187,0.991896)(0.000000,0.000000)
(3.333333,27.500000,10.212824)(-0.088251,-0.064269,0.994023)(0.000000,0.000000)
(10.000000,2.500000,10.327081)(-0.138733,-0.083060,0.986841)(0.000000,0.000000)
(10.000000,7.500000,10.747918)(-0.134777,-0.106411,0.985146)(0.000000,0.000000)
(10.000000,12.500000,11.287995)(-0.102638,-0.006032,0.994700)(0.000000,0.000000)
(10.000000,17.500000,11.318317)(-0.099587,0.164262,0.981377)(0.000000,0.000000)
(10.000000,22.500000,10.481420)(-0.080010,-0.064314,0.994717)(0.000000,0.000000)
(10.000000,27.500000,10.804699)(-0.118832,-0.116446,0.986063)(0.000000,0.000000)
(16.666666,2.500000,11.264300)(-0.099260,-0.078499,0.991960)(0.000000,0.000000)
(16.666666,7.500000,11.659976)(0.036827,-0.063015,0.997333)(0.000000,0.000000)
(16.666666,12.500000,11.975892)(0.142308,-0.003748,0.989815)(0.000000,0.000000)
(16.666666,17.500000,11.994826)(0.222347,0.187005,0.956865)(0.000000,0.000000)
(16.666666,22.500000,11.017650)(0.194263,-0.115043,0.974180)(0.000000,0.000000)
(16.666666,27.500000,11.608109)(0.206236,-0.098818,0.973500)(0.000000,0.000000)
(23.333332,2.500000,11.931395)(0.533398,0.087097,0.841368)(0.000000,0.000000)
(23.333332,7.500000,11.413804)(0.460513,0.070151,0.884876)(0.000000,0.000000)
(23.333332,12.500000,11.017413)(0.467759,0.100410,0.878134)(0.000000,0.000000)
(23.333332,17.500000,10.445691)(0.415964,0.136209,0.899122)(0.000000,0.000000)
(23.333332,22.500000,9.688238)(0.314287,-0.095872,0.944475)(0.000000,0.000000)
(23.333332,27.500000,10.195778)(0.373358,-0.007939,0.927653)(0.000000,0.000000)
(30.000000,2.500000,7.704960)(0.529407,-0.040562,0.847398)(0.000000,0.000000)
(30.000000,7.500000,7.944292)(0.531782,0.080601,0.843037)(0.000000,0.000000)
(30.000000,12.500000,7.466253)(0.535714,0.017692,0.844214)(0.000000,0.000000)
(30.000000,17.500000,7.361469)(0.538899,-0.018248,0.842172)(0.000000,0.000000)
(30.000000,22.500000,7.469810)(0.501633,-0.007404,0.865049)(0.000000,0.000000)
(30.000000,27.500000,7.512602)(0.418399,-0.143275,0.896891)(0.000000,0.000000)
(36.666664,2.500000,3.539997)(0.533216,-0.033644,0.845310)(0.000000,0.000000)
(36.666664,7.500000,3.739002)(0.533873,0.084673,0.841314)(0.000000,0.000000)
(36.666664,12.500000,3.235785)(0.538839,0.023622,0.842078)(0.000000,0.000000)
(36.666664,17.500000,3.095523)(0.499718,-0.087614,0.861746)(0.000000,0.000000)
(36.666664,22.500000,3.603875)(0.418399,-0.143275,0.896891)(0.000000,0.000000)
(36.666664,27.500000,4.402609)(0.418399,-0.143275,0.896891)(0.000000,0.000000)
