466333.907 6797994.567 1373.618
466332.528 6797994.979 1374.320
466332.983 6797994.993 1374.059
466333.438 6797995.008 1373.839
466333.893 6797995.022 1373.618
466332.514 6797995.434 1374.269
466332.969 6797995.448 1374.023
466333.424 6797995.463 1373.820
466333.879 6797995.477 1373.616
466332.500 6797995.889 1374.189
466332.955 6797995.903 1373.974
466333.410 6797995.917 1373.777
466333.864 6797995.932 1373.577
466332.486 6797996.344 1374.122
466332.940 6797996.358 1373.919
466333.395 6797996.372 1373.735
466333.850 6797996.387 1373.531
466336.124 6797996.458 1372.476
466335.669 6797996.444 1372.640
466335.215 6797996.429 1372.821
466334.760 6797996.415 1373.009
466334.305 6797996.401 1373.269
466336.139 6797996.003 1372.460
466335.684 6797995.989 1372.665
466335.229 6797995.975 1372.859
466334.774 6797995.960 1373.058
466334.319 6797995.946 1373.326
466336.153 6797995.548 1372.418
466335.698 6797995.534 1372.653
466335.243 6797995.520 1372.885
466334.788 6797995.505 1373.103
466334.334 6797995.491 1373.374
466336.167 6797995.093 1372.389