466362.065 6797996.818 1349.107
466362.520 6797996.832 1348.741
466361.141 6797997.244 1349.735
466361.596 6797997.259 1349.494
466362.051 6797997.273 1349.176
466362.505 6797997.287 1348.835
466361.127 6797997.699 1349.799
466361.581 6797997.713 1349.554
466362.036 6797997.728 1349.274
466362.491 6797997.742 1348.954
466361.112 6797998.154 1349.843
466361.567 6797998.168 1349.587
466362.022 6797998.182 1349.320
466362.477 6797998.197 1348.997
466364.751 6797998.268 1347.712
466364.296 6797998.254 1347.966
466363.841 6797998.240 1348.212
466363.387 6797998.225 1348.462
466362.932 6797998.211 1348.697
466364.765 6797997.813 1347.659
466364.311 6797997.799 1347.909
466363.856 6797997.785 1348.141
466363.401 6797997.771 1348.391
466362.946 6797997.756 1348.637
466364.780 6797997.359 1347.569
466364.325 6797997.344 1347.799
466363.870 6797997.330 1348.029
466363.415 6797997.316 1348.272
466362.960 6797997.301 1348.524
466364.794 6797996.904 1347.497
466364.339 6797996.889 1347.735
466363.884 6797996.875 1347.942
466363.429 6797996.861 1348.171
466362.975 6797996.847 1348.428
466366.570 6797998.325 1346.810
466366.116 6797998.311 1347.021
466365.661 6797998.297 1347.227
466365.206 6797998.283 1347.481
466366.585 6797997.871 1346.733
466366.130 6797997.856 1346.968
466365.675 6797997.842 1347.167
466365.220 6797997.828 1347.425
466366.599 6797997.416 1346.666
466366.144 6797997.401 1346.921
466365.689 6797997.387 1347.121
466365.235 6797997.373 1347.352
466366.613 6797996.961 1346.563
466366.159 6797996.947 1346.830
466365.704 6797996.932 1347.055
466365.249 6797996.918 1347.279
466366.628 6797996.506 1346.453
466366.173 6797996.492 1346.722
466368.845 6797998.397 1345.555
466368.390 6797998.383 1345.737
466367.935 6797998.368 1345.983
466367.480 6797998.354 1346.244
466367.025 6797998.340 1346.533
466368.859 6797997.942 1345.504
466368.404 6797997.928 1345.669
466367.949 6797997.913 1345.909
466367.494 6797997.899 1346.173
466367.040 6797997.885 1346.463
466368.873 6797997.487 1345.418
466368.418 6797997.473 1345.588
466367.964 6797997.459 1345.843
466367.509 6797997.444 1346.106
466367.054 6797997.430 1346.372
466368.888 6797997.032 1345.270
466368.433 6797997.018 1345.432
466367.978 6797997.004 1345.680
466367.523 6797996.989 1345.953
466367.068 6797996.975 1346.253
466368.902 6797996.578 1345.137
466368.447 6797996.563 1345.304
466367.992 6797996.549 1345.527
466367.537 6797996.535 1345.799
466367.083 6797996.520 1346.124
466370.664 6797998.454 1344.837
466370.209 6797998.440 1345.033
466369.754 6797998.425 1345.221
466369.300 6797998.411 1345.391
466370.678 6797997.999 1344.803
466370.224 6797997.985 1344.993
466369.769 6797997.971 1345.182
466369.314 6797997.956 1345.338
466370.693 6797997.544 1344.716
466370.238 6797997.530 1344.928
466369.783 6797997.516 1345.105
466369.328 6797997.502 1345.254
466370.707 6797997.090 1344.561
466370.252 6797997.075 1344.769
466369.797 6797997.061 1344.958
466369.342 6797997.047 1345.116
466370.721 6797996.635 1344.433
466370.266 6797996.620 1344.638
466369.812 6797996.606 1344.833
466369.357 6797996.592 1344.990
466372.938 6797998.526 1343.745
466372.483 6797998.511 1343.924
466372.029 6797998.497 1344.117
466371.574 6797998.483 1344.344
466371.119 6797998.468 1344.589
466372.953 6797998.071 1343.678
466372.498 6797998.056 1343.879
466372.043 6797998.042 1344.088
466371.588 6797998.028 1344.312
466371.133 6797998.014 1344.561
466372.967 6797997.616 1343.611
466372.512 6797997.602 1343.808
466372.057 6797997.587 1343.988
466371.602 6797997.573 1344.199
466371.148 6797997.559 1344.453
466372.981 6797997.161 1343.549
466372.526 6797997.147 1343.742
466372.072 6797997.132 1343.924
466371.617 6797997.118 1344.106
466371.162 6797997.104 1344.329
466372.996 6797996.706 1343.502
466372.541 6797996.692 1343.694
466372.086 6797996.678 1343.858
466371.631 6797996.663 1344.013
466371.176 6797996.649 1344.207
466374.772 6797998.128 1343.015
466374.317 6797998.114 1343.162
466373.862 6797998.099 1343.339
466373.407 6797998.085 1343.510
466374.786 6797997.673 1342.910
466374.331 6797997.659 1343.066
466373.877 6797997.644 1343.237
466373.422 6797997.630 1343.436
466374.801 6797997.218 1342.832
466374.346 6797997.204 1342.997
466373.891 6797997.190 1343.180
466373.436 6797997.175 1343.366
466374.815 6797996.763 1342.760
466374.360 6797996.749 1342.933
466373.905 6797996.735 1343.127
466373.450 6797996.720 1343.311
466361.098 6797998.609 1349.930
466361.553 6797998.623 1349.670
466362.008 6797998.637 1349.395
466362.463 6797998.652 1349.085
466361.084 6797999.064 1350.012
466361.539 6797999.078 1349.771
466361.993 6797999.092 1349.499
466362.448 6797999.106 1349.178
466361.069 6797999.518 1350.112
466361.524 6797999.533 1349.871
466361.979 6797999.547 1349.590
466362.434 6797999.561 1349.299
466361.055 6797999.973 1350.227
466361.510 6797999.988 1349.987
466364.708 6797999.633 1347.996
466364.253 6797999.619 1348.285
466363.799 6797999.604 1348.526
466363.344 6797999.590 1348.736
466362.889 6797999.576 1348.994
466364.723 6797999.178 1347.901
466364.268 6797999.164 1348.188
466363.813 6797999.149 1348.435
466363.358 6797999.135 1348.632
466362.903 6797999.121 1348.871
466364.737 6797998.723 1347.789
466364.282 6797998.709 1348.072
466363.827 6797998.695 1348.325
466363.372 6797998.680 1348.548
466362.917 6797998.666 1348.766
466366.528 6797999.690 1346.875
466366.073 6797999.676 1347.109
466365.618 6797999.661 1347.375
466365.163 6797999.647 1347.683
466366.542 6797999.235 1346.838
466366.087 6797999.221 1347.063
466365.632 6797999.207 1347.306
466365.177 6797999.192 1347.617
466366.556 6797998.780 1346.822
466366.101 6797998.766 1347.038
466365.647 6797998.752 1347.253
466365.192 6797998.737 1347.537
466368.802 6797999.761 1345.642
466368.347 6797999.747 1345.840
466367.892 6797999.733 1346.095
466367.437 6797999.719 1346.370
466366.982 6797999.704 1346.631
466368.816 6797999.307 1345.626
466368.361 6797999.292 1345.817
466367.906 6797999.278 1346.066
466367.452 6797999.264 1346.323
466366.997 6797999.249 1346.609
466368.830 6797998.852 1345.577
466368.376 6797998.837 1345.781
466367.921 6797998.823 1346.035
466367.466 6797998.809 1346.285
466367.011 6797998.795 1346.565
466370.621 6797999.819 1344.851
466370.166 6797999.804 1345.054
466369.712 6797999.790 1345.280
466369.257 6797999.776 1345.471
466370.636 6797999.364 1344.853
466370.181 6797999.349 1345.060
466369.726 6797999.335 1345.279
466369.271 6797999.321 1345.451
466370.650 6797998.909 1344.849
466370.195 6797998.895 1345.048
466369.740 6797998.880 1345.248
466369.285 6797998.866 1345.414
466372.895 6797999.890 1343.948
466372.441 6797999.876 1344.130
466371.986 6797999.862 1344.293
466371.531 6797999.847 1344.461
466371.076 6797999.833 1344.642
466372.910 6797999.435 1343.899
466372.455 6797999.421 1344.079
466372.000 6797999.407 1344.248
466371.545 6797999.392 1344.423
466371.090 6797999.378 1344.633
466372.924 6797998.980 1343.817
466372.469 6797998.966 1344.009
466372.014 6797998.952 1344.188
466371.560 6797998.938 1344.391
466371.105 6797998.923 1344.620
466374.715 6797999.947 1343.300
466374.260 6797999.933 1343.451
466373.805 6797999.919 1343.609
466373.350 6797999.904 1343.781
466374.729 6797999.492 1343.256
466374.274 6797999.478 1343.400
466373.819 6797999.464 1343.564
466373.365 6797999.450 1343.732
466374.743 6797999.038 1343.185
466374.289 6797999.023 1343.330
466373.834 6797999.009 1343.498
466373.379 6797998.995 1343.662
466374.758 6797998.583 1343.104
466374.303 6797998.568 1343.251
466373.848 6797998.554 1343.424
466373.393 6797998.540 1343.584
466375.398 6797992.684 1341.337
466375.853 6797992.698 1341.229
466376.308 6797992.713 1341.129
466376.763 6797992.727 1341.025
466375.384 6797993.139 1341.446
466375.839 6797993.153 1341.318
466376.294 6797993.167 1341.214
466376.749 6797993.182 1341.110
466375.370 6797993.594 1341.574
466375.825 6797993.608 1341.430
466376.280 6797993.622 1341.316
466376.734 6797993.637 1341.214
466375.356 6797994.049 1341.706
466375.810 6797994.063 1341.548
466376.265 6797994.077 1341.408
466376.720 6797994.091 1341.303
466377.175 6797994.106 1341.176
466377.218 6797992.741 1340.922
466377.673 6797992.755 1340.817
466378.127 6797992.770 1340.689
466378.582 6797992.784 1340.500
466379.037 6797992.798 1340.323
466377.203 6797993.196 1340.996
466377.658 6797993.210 1340.894
466378.113 6797993.225 1340.762
466378.568 6797993.239 1340.573
466379.023 6797993.253 1340.384
466377.189 6797993.651 1341.094
466377.644 6797993.665 1340.976
466378.099 6797993.679 1340.843
466378.554 6797993.694 1340.645
466379.009 6797993.708 1340.447
466377.630 6797994.120 1341.049
466378.085 6797994.134 1340.910
466378.539 6797994.149 1340.718
466378.994 6797994.163 1340.512
466380.416 6797992.386 1339.686
466380.871 6797992.401 1339.532
466379.492 6797992.813 1340.125
466379.947 6797992.827 1339.916
466380.402 6797992.841 1339.745
466380.857 6797992.856 1339.588
466379.478 6797993.268 1340.173
466379.933 6797993.282 1339.956
466380.387 6797993.296 1339.795
466380.842 6797993.310 1339.641
466379.463 6797993.722 1340.220
466379.918 6797993.737 1340.026
466380.373 6797993.751 1339.855
466380.828 6797993.765 1339.688
466379.449 6797994.177 1340.307
466379.904 6797994.192 1340.103
466380.359 6797994.206 1339.918
466380.814 6797994.220 1339.749
466381.269 6797994.234 1339.575
466381.326 6797992.415 1339.347
466381.781 6797992.429 1339.108
466382.235 6797992.444 1338.856
466382.690 6797992.458 1338.551
466383.145 6797992.472 1338.300
466381.311 6797992.870 1339.404
466381.766 6797992.884 1339.170
466382.221 6797992.898 1338.898
466382.676 6797992.913 1338.611
466383.131 6797992.927 1338.367
466381.297 6797993.325 1339.450
466381.752 6797993.339 1339.211
466382.207 6797993.353 1338.945
466382.662 6797993.368 1338.656
466383.117 6797993.382 1338.424
466381.283 6797993.780 1339.496
466381.738 6797993.794 1339.258
466382.193 6797993.808 1339.019
466382.647 6797993.822 1338.738
466383.102 6797993.837 1338.504
466381.723 6797994.249 1339.332
466382.178 6797994.263 1339.091
466382.633 6797994.277 1338.826
466383.088 6797994.292 1338.592
466383.600 6797992.486 1338.049
466384.055 6797992.501 1337.780
466384.510 6797992.515 1337.520
466384.964 6797992.529 1337.285
466383.586 6797992.941 1338.130
466384.040 6797992.956 1337.886
466384.495 6797992.970 1337.642
466384.950 6797992.984 1337.433
466383.571 6797993.396 1338.187
466384.026 6797993.410 1337.947
466384.481 6797993.425 1337.755
466384.936 6797993.439 1337.549
466383.557 6797993.851 1338.271
466384.012 6797993.865 1338.048
466384.467 6797993.880 1337.860
466384.922 6797993.894 1337.685
466383.543 6797994.306 1338.353
466383.998 6797994.320 1338.149
466384.452 6797994.334 1337.966
466384.907 6797994.349 1337.789
466385.362 6797994.363 1337.611
466385.419 6797992.544 1337.018
466385.874 6797992.558 1336.786
466386.329 6797992.572 1336.528
466386.784 6797992.587 1336.194
466387.239 6797992.601 1335.765
466385.405 6797992.998 1337.173
466385.860 6797993.013 1336.951
466386.315 6797993.027 1336.705
466386.770 6797993.041 1336.363
466387.224 6797993.056 1335.972
466385.391 6797993.453 1337.341
466385.846 6797993.468 1337.122
466386.300 6797993.482 1336.850
466386.755 6797993.496 1336.515
466387.210 6797993.511 1336.158
466385.376 6797993.908 1337.503
466385.831 6797993.922 1337.305
466386.286 6797993.937 1337.054
466386.741 6797993.951 1336.718
466387.196 6797993.965 1336.370
466385.817 6797994.377 1337.462
466386.272 6797994.392 1337.279
466386.727 6797994.406 1337.017
466387.182 6797994.420 1336.657
466387.694 6797992.615 1335.383
466388.148 6797992.629 1335.081
466388.603 6797992.644 1334.860
466389.058 6797992.658 1334.674
466387.679 6797993.070 1335.601
466388.134 6797993.084 1335.308
466388.589 6797993.099 1335.065
466389.044 6797993.113 1334.871
466387.665 6797993.525 1335.787
466388.120 6797993.539 1335.516
466388.575 6797993.553 1335.272
466389.030 6797993.568 1335.055
466387.651 6797993.980 1336.024
466388.106 6797993.994 1335.790
466388.560 6797994.008 1335.596
466389.015 6797994.023 1335.403
466389.470 6797994.037 1335.197
466375.341 6797994.503 1341.838
466375.796 6797994.518 1341.660
466376.251 6797994.532 1341.516
466376.706 6797994.546 1341.383
466377.161 6797994.561 1341.250
466375.327 6797994.958 1341.997
466375.782 6797994.973 1341.792
466376.237 6797994.987 1341.631
466376.691 6797995.001 1341.476
466377.146 6797995.015 1341.336
466375.313 6797995.413 1342.150
466375.767 6797995.427 1341.931
466376.222 6797995.442 1341.763
466376.677 6797995.456 1341.597
466377.132 6797995.470 1341.444
466375.298 6797995.868 1342.318
466375.753 6797995.882 1342.087
466376.208 6797995.897 1341.889
466376.663 6797995.911 1341.706
466377.118 6797995.925 1341.524
466375.284 6797996.323 1342.472
466375.739 6797996.337 1342.232
466376.194 6797996.351 1341.995
466376.649 6797996.366 1341.799
466377.103 6797996.380 1341.622
466378.923 6797996.437 1340.933
466378.468 6797996.423 1341.118
466378.013 6797996.409 1341.316
466377.558 6797996.394 1341.470
466378.937 6797995.982 1340.842
466378.482 6797995.968 1341.036
466378.027 6797995.954 1341.217
466377.573 6797995.939 1341.378
466378.951 6797995.527 1340.774
466378.497 6797995.513 1340.977
466378.042 6797995.499 1341.150
466377.587 6797995.485 1341.302
466378.966 6797995.073 1340.662
466378.511 6797995.058 1340.885
466378.056 6797995.044 1341.071
466377.601 6797995.030 1341.208
466378.980 6797994.618 1340.572
466378.525 6797994.603 1340.796
466378.070 6797994.589 1340.990
466377.615 6797994.575 1341.124
466380.287 6797996.480 1340.333
466379.833 6797996.466 1340.525
466379.378 6797996.451 1340.735
466381.211 6797996.054 1339.851
466380.757 6797996.039 1340.048
466380.302 6797996.025 1340.229
466379.847 6797996.011 1340.425
466379.392 6797995.997 1340.644
466381.226 6797995.599 1339.772
466380.771 6797995.585 1339.969
466380.316 6797995.570 1340.151
466379.861 6797995.556 1340.337
466379.406 6797995.542 1340.569
466381.240 6797995.144 1339.686
466380.785 6797995.130 1339.877
466380.330 6797995.115 1340.046
466379.875 6797995.101 1340.232
466379.421 6797995.087 1340.444
466381.254 6797994.689 1339.632
466380.799 6797994.675 1339.817
466380.345 6797994.661 1339.988
466379.890 6797994.646 1340.162
466379.435 6797994.632 1340.359
466383.031 6797996.111 1339.013
466382.576 6797996.097 1339.236
466382.121 6797996.082 1339.462
466381.666 6797996.068 1339.651
466383.045 6797995.656 1338.902
466382.590 6797995.642 1339.139
466382.135 6797995.628 1339.383
466381.680 6797995.613 1339.579
466383.059 6797995.201 1338.829
466382.604 6797995.187 1339.042
466382.150 6797995.173 1339.282
466381.695 6797995.158 1339.495
466383.074 6797994.746 1338.709
466382.619 6797994.732 1338.929
466382.164 6797994.718 1339.179
466381.709 6797994.704 1339.423
466385.305 6797996.182 1337.969
466384.850 6797996.168 1338.130
466384.395 6797996.154 1338.308
466383.940 6797996.140 1338.534
466383.486 6797996.125 1338.775
466385.319 6797995.728 1337.918
466384.864 6797995.713 1338.070
466384.410 6797995.699 1338.240
466383.955 6797995.685 1338.445
466383.500 6797995.670 1338.673
466385.334 6797995.273 1337.849
466384.879 6797995.258 1338.013
466384.424 6797995.244 1338.185
466383.969 6797995.230 1338.389
466383.514 6797995.216 1338.610
466385.348 6797994.818 1337.734
466384.893 6797994.804 1337.904
466384.438 6797994.789 1338.079
466383.983 6797994.775 1338.269
466383.528 6797994.761 1338.476
466387.124 6797996.240 1337.407
466386.670 6797996.225 1337.595
466386.215 6797996.211 1337.735
466385.760 6797996.197 1337.852
466387.139 6797995.785 1337.292
466386.684 6797995.770 1337.521
466386.229 6797995.756 1337.671
466385.774 6797995.742 1337.794
466387.153 6797995.330 1337.157
466386.698 6797995.316 1337.417
466386.243 6797995.301 1337.582
466385.788 6797995.287 1337.717
466387.167 6797994.875 1336.939
466386.712 6797994.861 1337.249
466386.258 6797994.846 1337.448
466385.803 6797994.832 1337.595
466389.399 6797996.311 1336.161
466388.944 6797996.297 1336.405
466388.489 6797996.282 1336.663
466388.034 6797996.268 1336.908
466387.579 6797996.254 1337.197
466389.413 6797995.856 1335.987
466388.958 6797995.842 1336.239
466388.503 6797995.828 1336.459
466388.048 6797995.813 1336.714
466387.594 6797995.799 1337.031
466389.427 6797995.401 1335.830
466388.972 6797995.387 1336.076
466388.517 6797995.373 1336.294
466388.063 6797995.358 1336.533
466387.608 6797995.344 1336.857
466389.441 6797994.947 1335.650
466388.987 6797994.932 1335.861
466388.532 6797994.918 1336.055
466388.077 6797994.904 1336.281
466387.622 6797994.889 1336.601
466389.456 6797994.492 1335.471
466389.001 6797994.477 1335.653
466388.546 6797994.463 1335.832
466388.091 6797994.449 1336.016
466387.636 6797994.435 1336.285
466375.270 6797996.778 1342.592
466375.725 6797996.792 1342.351
466376.179 6797996.806 1342.121
466376.634 6797996.821 1341.913
466377.089 6797996.835 1341.735
466375.255 6797997.232 1342.674
466375.710 6797997.247 1342.465
466376.165 6797997.261 1342.256
466376.620 6797997.275 1342.034
466377.075 6797997.290 1341.846
466375.241 6797997.687 1342.737
466375.696 6797997.702 1342.543
466376.151 6797997.716 1342.353
466376.606 6797997.730 1342.147
466377.061 6797997.745 1341.951
466375.227 6797998.142 1342.851
466375.682 6797998.156 1342.664
466376.137 6797998.171 1342.465
466376.591 6797998.185 1342.248
466377.046 6797998.199 1342.053
466378.866 6797998.257 1341.330
466378.411 6797998.242 1341.526
466377.956 6797998.228 1341.725
466377.501 6797998.214 1341.884
466378.880 6797997.802 1341.245
466378.425 6797997.787 1341.444
466377.970 6797997.773 1341.626
466377.515 6797997.759 1341.787
466378.894 6797997.347 1341.141
466378.439 6797997.333 1341.352
466377.985 6797997.318 1341.533
466377.530 6797997.304 1341.683
466378.909 6797996.892 1341.022
466378.454 6797996.878 1341.239
466377.999 6797996.863 1341.432
466377.544 6797996.849 1341.581
466381.140 6797998.328 1340.327
466380.685 6797998.314 1340.547
466380.230 6797998.299 1340.732
466379.775 6797998.285 1340.918
466379.320 6797998.271 1341.119
466381.154 6797997.873 1340.205
466380.699 6797997.859 1340.434
466380.244 6797997.845 1340.636
466379.790 6797997.830 1340.837
466379.335 6797997.816 1341.051
466381.168 6797997.418 1340.094
466380.714 6797997.404 1340.300
466380.259 6797997.390 1340.502
466379.804 6797997.375 1340.708
466379.349 6797997.361 1340.929
466381.183 6797996.963 1340.026
466380.728 6797996.949 1340.221
466380.273 6797996.935 1340.402
466379.818 6797996.921 1340.604
466379.363 6797996.906 1340.806
466381.197 6797996.509 1339.943
466380.742 6797996.494 1340.144
466382.959 6797998.385 1339.571
466382.504 6797998.371 1339.740
466382.050 6797998.357 1339.945
466381.595 6797998.342 1340.142
466382.974 6797997.930 1339.437
466382.519 6797997.916 1339.638
466382.064 6797997.902 1339.823
466381.609 6797997.887 1340.014
466382.988 6797997.475 1339.322
466382.533 6797997.461 1339.520
466382.078 6797997.447 1339.711
466381.623 6797997.433 1339.892
466383.002 6797997.021 1339.205
466382.547 6797997.006 1339.405
466382.092 6797996.992 1339.620
466381.638 6797996.978 1339.810
466383.016 6797996.566 1339.092
466382.562 6797996.551 1339.308
466382.107 6797996.537 1339.543
466381.652 6797996.523 1339.733
466385.234 6797998.457 1338.466
466384.779 6797998.442 1338.687
466384.324 6797998.428 1338.917
466383.869 6797998.414 1339.133
466383.414 6797998.399 1339.373
466385.248 6797998.002 1338.316
466384.793 6797997.988 1338.536
466384.338 6797997.973 1338.765
466383.883 6797997.959 1339.014
466383.428 6797997.945 1339.242
466385.262 6797997.547 1338.207
466384.807 6797997.533 1338.397
466384.352 6797997.518 1338.626
466383.898 6797997.504 1338.890
466383.443 6797997.490 1339.125
466385.276 6797997.092 1338.130
466384.822 6797997.078 1338.315
466384.367 6797997.064 1338.525
466383.912 6797997.049 1338.771
466383.457 6797997.035 1339.000
466385.291 6797996.637 1338.042
466384.836 6797996.623 1338.208
466384.381 6797996.609 1338.405
466383.926 6797996.594 1338.636
466383.471 6797996.580 1338.869
466387.053 6797998.514 1337.788
466386.598 6797998.500 1337.979
466386.143 6797998.485 1338.160
466385.688 6797998.471 1338.302
466387.067 6797998.059 1337.692
466386.612 6797998.045 1337.876
466386.157 6797998.030 1338.044
466385.703 6797998.016 1338.181
466387.081 6797997.604 1337.614
466386.627 6797997.590 1337.790
466386.172 6797997.576 1337.944
466385.717 6797997.561 1338.069
466387.096 6797997.149 1337.563
466386.641 6797997.135 1337.736
466386.186 6797997.121 1337.886
466385.731 6797997.106 1338.001
466387.110 6797996.694 1337.499
466386.655 6797996.680 1337.677
466386.200 6797996.666 1337.820
466385.746 6797996.652 1337.930
466387.508 6797998.528 1337.583
466389.341 6797998.130 1336.594
466388.887 6797998.116 1336.827
466388.432 6797998.102 1337.043
466387.977 6797998.088 1337.253
466387.522 6797998.073 1337.485
466389.356 6797997.676 1336.490
466388.901 6797997.661 1336.742
466388.446 6797997.647 1336.957
466387.991 6797997.633 1337.169
466387.536 6797997.618 1337.403
466389.370 6797997.221 1336.385
466388.915 6797997.206 1336.660
466388.460 6797997.192 1336.897
466388.005 6797997.178 1337.118
466387.551 6797997.164 1337.347
466389.384 6797996.766 1336.298
466388.929 6797996.752 1336.578
466388.475 6797996.737 1336.822
466388.020 6797996.723 1337.057
466387.565 6797996.709 1337.305
466375.213 6797998.597 1342.932
466375.667 6797998.611 1342.738
466376.122 6797998.626 1342.553
466376.577 6797998.640 1342.326
466377.032 6797998.654 1342.141
466375.198 6797999.052 1343.027
466375.653 6797999.066 1342.824
466376.108 6797999.080 1342.640
466376.563 6797999.095 1342.420
466377.018 6797999.109 1342.235
466375.184 6797999.507 1343.085
466375.639 6797999.521 1342.893
466376.094 6797999.535 1342.717
466376.549 6797999.550 1342.514
466377.003 6797999.564 1342.352
466375.170 6797999.962 1343.139
466375.625 6797999.976 1342.953
466376.079 6797999.990 1342.783
466378.823 6797999.621 1341.643
466378.368 6797999.607 1341.837
466377.913 6797999.592 1342.019
466377.458 6797999.578 1342.185
466378.837 6797999.166 1341.554
466378.382 6797999.152 1341.738
466377.927 6797999.138 1341.919
466377.473 6797999.123 1342.080
466378.851 6797998.711 1341.449
466378.397 6797998.697 1341.647
466377.942 6797998.683 1341.832
466377.487 6797998.668 1341.983
466381.097 6797999.693 1340.654
466380.642 6797999.678 1340.867
466380.187 6797999.664 1341.045
466379.732 6797999.650 1341.206
466379.278 6797999.635 1341.428
466381.111 6797999.238 1340.539
466380.656 6797999.223 1340.771
466380.202 6797999.209 1340.969
466379.747 6797999.195 1341.138
466379.292 6797999.181 1341.357
466381.126 6797998.783 1340.415
466380.671 6797998.769 1340.654
466380.216 6797998.754 1340.850
466379.761 6797998.740 1341.036
466379.306 6797998.726 1341.239
466382.916 6797999.750 1339.911
466382.462 6797999.735 1340.066
466382.007 6797999.721 1340.244
466381.552 6797999.707 1340.452
466382.931 6797999.295 1339.801
466382.476 6797999.281 1339.960
466382.021 6797999.266 1340.149
466381.566 6797999.252 1340.333
466382.945 6797998.840 1339.662
466382.490 6797998.826 1339.833
466382.035 6797998.811 1340.027
466381.580 6797998.797 1340.219
466385.191 6797999.821 1338.854
466384.736 6797999.807 1339.070
466384.281 6797999.793 1339.264
466383.826 6797999.778 1339.526
466383.371 6797999.764 1339.725
466385.205 6797999.366 1338.717
466384.750 6797999.352 1338.957
466384.295 6797999.338 1339.171
466383.840 6797999.323 1339.406
466383.386 6797999.309 1339.633
466385.219 6797998.911 1338.600
466384.764 6797998.897 1338.844
466384.310 6797998.883 1339.056
466383.855 6797998.869 1339.277
466383.400 6797998.854 1339.491
466387.010 6797999.878 1338.151
466386.555 6797999.864 1338.369
466386.100 6797999.850 1338.531
466385.645 6797999.835 1338.682
466387.024 6797999.424 1338.006
466386.569 6797999.409 1338.230
466386.115 6797999.395 1338.392
466385.660 6797999.381 1338.551
466387.039 6797998.969 1337.878
466386.584 6797998.954 1338.096
466386.129 6797998.940 1338.268
466385.674 6797998.926 1338.434
466389.284 6797999.950 1336.977
466388.829 6797999.936 1337.196
466388.375 6797999.921 1337.403
466387.920 6797999.907 1337.640
466387.465 6797999.893 1337.913
466389.299 6797999.495 1336.847
466388.844 6797999.481 1337.074
466388.389 6797999.466 1337.285
466387.934 6797999.452 1337.503
466387.479 6797999.438 1337.770
466389.313 6797999.040 1336.729
466388.858 6797999.026 1336.986
466388.403 6797999.012 1337.208
466387.948 6797998.997 1337.416
466387.493 6797998.983 1337.662
466389.327 6797998.585 1336.672
466388.872 6797998.571 1336.925
466388.417 6797998.557 1337.141
466387.963 6797998.542 1337.347
466389.513 6797992.672 1334.441
466389.968 6797992.687 1334.175
466390.423 6797992.701 1333.933
466390.877 6797992.715 1333.663
466391.332 6797992.729 1333.409
466389.499 6797993.127 1334.652
466389.953 6797993.141 1334.400
466390.408 6797993.156 1334.113
466390.863 6797993.170 1333.813
466391.318 6797993.184 1333.567
466389.484 6797993.582 1334.809
466389.939 6797993.596 1334.528
466390.394 6797993.611 1334.238
466390.849 6797993.625 1333.914
466391.304 6797993.639 1333.645
466389.925 6797994.051 1334.914
466390.380 6797994.065 1334.556
466390.835 6797994.080 1334.135
466391.289 6797994.094 1333.775
466391.787 6797992.744 1333.148
466392.242 6797992.758 1332.847
466392.697 6797992.772 1332.445
466393.152 6797992.787 1332.108
466391.773 6797993.199 1333.324
466392.228 6797993.213 1333.062
466392.683 6797993.227 1332.702
466393.137 6797993.241 1332.373
466391.759 6797993.653 1333.435
466392.213 6797993.668 1333.188
466392.668 6797993.682 1332.870
466393.123 6797993.696 1332.566
466391.744 6797994.108 1333.575
466392.199 6797994.123 1333.356
466392.654 6797994.137 1333.086
466393.109 6797994.151 1332.757
466393.564 6797994.165 1332.396
466394.985 6797992.389 1330.980
466395.440 6797992.403 1330.742
466393.607 6797992.801 1331.803
466394.061 6797992.815 1331.526
466394.516 6797992.830 1331.319
466394.971 6797992.844 1331.088
466395.426 6797992.858 1330.849
466393.592 6797993.256 1332.069
466394.047 6797993.270 1331.732
466394.502 6797993.284 1331.447
466394.957 6797993.299 1331.209
466395.412 6797993.313 1330.941
466393.578 6797993.711 1332.235
466394.033 6797993.725 1331.876
466394.488 6797993.739 1331.574
466394.943 6797993.754 1331.314
466395.397 6797993.768 1331.037
466394.019 6797994.180 1332.020
466394.473 6797994.194 1331.691
466394.928 6797994.208 1331.385
466395.383 6797994.223 1331.094
466395.895 6797992.418 1330.440
466396.350 6797992.432 1330.042
466396.805 6797992.446 1329.617
466397.260 6797992.460 1329.203
466395.881 6797992.872 1330.575
466396.336 6797992.887 1330.213
466396.790 6797992.901 1329.804
466397.245 6797992.915 1329.442
466395.867 6797993.327 1330.694
466396.321 6797993.342 1330.386
466396.776 6797993.356 1330.048
466397.231 6797993.370 1329.695
466395.852 6797993.782 1330.778
466396.307 6797993.796 1330.479
466396.762 6797993.811 1330.168
466397.217 6797993.825 1329.856
466395.838 6797994.237 1330.827
466396.293 6797994.251 1330.561
466396.748 6797994.266 1330.283
466397.202 6797994.280 1330.009
466397.657 6797994.294 1329.712
466397.714 6797992.475 1328.825
466398.169 6797992.489 1328.488
466398.624 6797992.503 1328.165
466399.079 6797992.518 1327.875
466399.534 6797992.532 1327.625
466397.700 6797992.930 1329.106
466398.155 6797992.944 1328.759
466398.610 6797992.958 1328.383
466399.065 6797992.972 1328.056
466399.520 6797992.987 1327.774
466397.686 6797993.384 1329.322
466398.141 6797993.399 1328.960
466398.596 6797993.413 1328.551
466399.050 6797993.427 1328.217
466399.505 6797993.442 1327.951
466397.672 6797993.839 1329.497
466398.126 6797993.854 1329.149
466398.581 6797993.868 1328.762
466399.036 6797993.882 1328.360
466399.491 6797993.896 1328.087
466398.112 6797994.308 1329.385
466398.567 6797994.323 1329.028
466399.022 6797994.337 1328.626
466399.477 6797994.351 1328.335
466399.989 6797992.546 1327.370
466399.974 6797993.001 1327.520
466399.960 6797993.456 1327.698
466399.946 6797993.911 1327.844
466399.932 6797994.366 1328.080
466389.911 6797994.506 1335.172
466390.365 6797994.520 1334.743
466390.820 6797994.535 1334.283
466391.275 6797994.549 1333.945
466389.896 6797994.961 1335.331
466390.351 6797994.975 1334.910
466390.806 6797994.989 1334.469
466391.261 6797995.004 1334.104
466389.882 6797995.416 1335.458
466390.337 6797995.430 1335.031
466390.792 6797995.444 1334.595
466391.247 6797995.459 1334.235
466389.868 6797995.871 1335.614
466390.323 6797995.885 1335.176
466390.777 6797995.899 1334.762
466391.232 6797995.913 1334.405
466389.853 6797996.325 1335.796
466390.308 6797996.340 1335.352
466390.763 6797996.354 1334.901
466391.218 6797996.368 1334.562
466393.492 6797996.440 1333.281
466393.037 6797996.425 1333.569
466392.583 6797996.411 1333.817
466392.128 6797996.397 1334.069
466391.673 6797996.383 1334.297
466393.507 6797995.985 1333.133
466393.052 6797995.971 1333.417
466392.597 6797995.956 1333.677
466392.142 6797995.942 1333.912
466391.687 6797995.928 1334.159
466393.521 6797995.530 1332.913
466393.066 6797995.516 1333.234
466392.611 6797995.501 1333.471
466392.156 6797995.487 1333.710
466391.701 6797995.473 1333.963
466393.535 6797995.075 1332.716
466393.080 6797995.061 1333.103
466392.625 6797995.047 1333.351
466392.171 6797995.032 1333.592
466391.716 6797995.018 1333.834
466393.549 6797994.620 1332.551
466393.095 6797994.606 1332.937
466392.640 6797994.592 1333.248
466392.185 6797994.577 1333.489
466391.730 6797994.563 1333.702
466394.402 6797996.468 1332.526
466393.947 6797996.454 1332.924
466395.326 6797996.042 1331.540
466394.871 6797996.028 1331.997
466394.416 6797996.013 1332.368
466393.961 6797995.999 1332.755
466395.340 6797995.587 1331.368
466394.885 6797995.573 1331.789
466394.430 6797995.559 1332.167
466393.976 6797995.544 1332.512
466395.354 6797995.132 1331.250
466394.900 6797995.118 1331.620
466394.445 6797995.104 1332.000
466393.990 6797995.089 1332.342
466395.369 6797994.678 1331.170
466394.914 6797994.663 1331.500
466394.459 6797994.649 1331.835
466394.004 6797994.635 1332.180
466397.600 6797996.114 1330.182
466397.145 6797996.099 1330.384
466396.690 6797996.085 1330.573
466396.236 6797996.071 1330.783
466395.781 6797996.056 1331.175
466397.614 6797995.659 1330.082
466397.160 6797995.644 1330.301
466396.705 6797995.630 1330.497
466396.250 6797995.616 1330.715
466395.795 6797995.601 1331.010
466397.629 6797995.204 1329.955
466397.174 6797995.190 1330.204
466396.719 6797995.175 1330.435
466396.264 6797995.161 1330.654
466395.809 6797995.147 1330.939
466397.643 6797994.749 1329.820
466397.188 6797994.735 1330.110
466396.733 6797994.720 1330.353
466396.278 6797994.706 1330.604
466395.824 6797994.692 1330.897
466399.420 6797996.171 1329.067
466398.965 6797996.156 1329.400
466398.510 6797996.142 1329.693
466398.055 6797996.128 1329.920
466399.434 6797995.716 1328.911
466398.979 6797995.702 1329.291
466398.524 6797995.687 1329.611
466398.069 6797995.673 1329.836
466399.448 6797995.261 1328.694
466398.993 6797995.247 1329.026
466398.538 6797995.232 1329.387
466398.084 6797995.218 1329.686
466399.462 6797994.806 1328.503
466399.008 6797994.792 1328.817
466398.553 6797994.778 1329.198
466398.098 6797994.763 1329.517
466399.874 6797996.185 1328.799
466399.889 6797995.730 1328.635
466399.903 6797995.275 1328.394
466399.917 6797994.820 1328.220
466389.839 6797996.780 1335.987
466390.294 6797996.795 1335.565
466390.749 6797996.809 1335.120
466391.204 6797996.823 1334.772
466389.825 6797997.235 1336.101
466390.280 6797997.249 1335.756
466390.735 6797997.264 1335.326
466391.189 6797997.278 1334.980
466389.811 6797997.690 1336.233
466390.265 6797997.704 1335.950
466390.720 6797997.718 1335.578
466391.175 6797997.733 1335.254
466389.796 6797998.145 1336.352
466390.251 6797998.159 1336.082
466390.706 6797998.173 1335.767
466391.161 6797998.188 1335.479
466393.435 6797998.259 1333.895
466392.980 6797998.245 1334.276
466392.525 6797998.231 1334.632
466392.070 6797998.216 1334.910
466391.616 6797998.202 1335.194
466393.449 6797997.804 1333.757
466392.994 6797997.790 1334.061
466392.540 6797997.776 1334.409
466392.085 6797997.761 1334.711
466391.630 6797997.747 1334.971
466393.464 6797997.349 1333.561
466393.009 6797997.335 1333.842
466392.554 6797997.321 1334.134
466392.099 6797997.307 1334.456
466391.644 6797997.292 1334.717
466393.478 6797996.895 1333.416
466393.023 6797996.880 1333.710
466392.568 6797996.866 1333.959
466392.113 6797996.852 1334.247
466391.659 6797996.837 1334.523
466395.254 6797998.316 1332.594
466394.800 6797998.302 1333.073
466394.345 6797998.288 1333.384
466393.890 6797998.273 1333.649
466395.269 6797997.861 1332.368
466394.814 6797997.847 1332.812
466394.359 6797997.833 1333.125
466393.904 6797997.819 1333.454
466395.283 6797997.407 1332.167
466394.828 6797997.392 1332.618
466394.373 6797997.378 1332.939
466393.918 6797997.364 1333.248
466395.297 6797996.952 1331.838
466394.842 6797996.937 1332.344
466394.388 6797996.923 1332.758
466393.933 6797996.909 1333.085
466395.312 6797996.497 1331.638
466394.857 6797996.483 1332.101
466397.529 6797998.388 1330.505
466397.074 6797998.373 1330.746
466396.619 6797998.359 1331.093
466396.164 6797998.345 1331.561
466395.709 6797998.331 1332.077
466397.543 6797997.933 1330.441
466397.088 6797997.919 1330.637
466396.633 6797997.904 1330.895
466396.178 6797997.890 1331.282
466395.724 6797997.876 1331.825
466397.557 6797997.478 1330.355
466397.102 6797997.464 1330.556
466396.648 6797997.449 1330.769
466396.193 6797997.435 1331.071
466395.738 6797997.421 1331.592
466397.572 6797997.023 1330.306
466397.117 6797997.009 1330.507
466396.662 6797996.995 1330.714
466396.207 6797996.980 1330.965
466395.752 6797996.966 1331.400
466397.586 6797996.568 1330.256
466397.131 6797996.554 1330.454
466396.676 6797996.540 1330.643
466396.221 6797996.525 1330.870
466395.766 6797996.511 1331.258
466399.348 6797998.445 1329.461
466398.893 6797998.431 1329.714
466398.438 6797998.416 1329.989
466397.984 6797998.402 1330.240
466399.362 6797997.990 1329.440
466398.907 6797997.976 1329.688
466398.453 6797997.961 1329.957
466397.998 6797997.947 1330.207
466399.377 6797997.535 1329.399
466398.922 6797997.521 1329.664
466398.467 6797997.507 1329.907
466398.012 6797997.492 1330.157
466399.391 6797997.080 1329.282
466398.936 6797997.066 1329.554
466398.481 6797997.052 1329.814
466398.026 6797997.038 1330.054
466399.405 6797996.626 1329.165
466398.950 6797996.611 1329.476
466398.496 6797996.597 1329.758
466398.041 6797996.583 1329.999
466399.803 6797998.459 1329.235
466399.817 6797998.004 1329.197
466399.831 6797997.550 1329.155
466399.846 6797997.095 1329.051
466399.860 6797996.640 1328.915
466389.782 6797998.600 1336.438
466390.237 6797998.614 1336.197
466390.692 6797998.628 1335.897
466391.147 6797998.642 1335.646
466389.768 6797999.054 1336.508
466390.223 6797999.069 1336.300
466390.677 6797999.083 1336.062
466391.132 6797999.097 1335.856
466389.753 6797999.509 1336.627
466390.208 6797999.524 1336.449
466390.663 6797999.538 1336.230
466391.118 6797999.552 1336.025
466389.739 6797999.964 1336.771
466390.194 6797999.978 1336.592
466390.649 6797999.993 1336.406
466393.392 6797999.624 1334.395
466392.937 6797999.609 1334.884
466392.482 6797999.595 1335.294
466392.028 6797999.581 1335.593
466391.573 6797999.566 1335.829
466393.406 6797999.169 1334.188
466392.952 6797999.154 1334.633
466392.497 6797999.140 1335.048
466392.042 6797999.126 1335.376
466391.587 6797999.112 1335.639
466393.421 6797998.714 1334.053
466392.966 6797998.700 1334.477
466392.511 6797998.685 1334.855
466392.056 6797998.671 1335.126
466391.601 6797998.657 1335.399
466395.212 6797999.681 1333.223
466394.757 6797999.667 1333.455
466394.302 6797999.652 1333.713
466393.847 6797999.638 1334.019
466395.226 6797999.226 1333.124
466394.771 6797999.212 1333.375
466394.316 6797999.197 1333.592
466393.861 6797999.183 1333.845
466395.240 6797998.771 1332.937
466394.785 6797998.757 1333.294
466394.330 6797998.743 1333.524
466393.876 6797998.728 1333.761
466397.486 6797999.752 1330.989
466397.031 6797999.738 1331.520
466396.576 6797999.724 1332.068
466396.121 6797999.709 1332.554
466395.666 6797999.695 1332.935
466397.500 6797999.297 1330.670
466397.045 6797999.283 1331.046
466396.590 6797999.269 1331.742
466396.136 6797999.255 1332.303
466395.681 6797999.240 1332.754
466397.514 6797998.843 1330.611
466397.060 6797998.828 1330.865
466396.605 6797998.814 1331.350
466396.150 6797998.800 1331.922
466395.695 6797998.785 1332.430
466399.305 6797999.809 1329.841
466398.850 6797999.795 1330.071
466398.395 6797999.781 1330.338
466397.941 6797999.767 1330.618
466399.319 6797999.355 1329.664
466398.865 6797999.340 1329.900
466398.410 6797999.326 1330.153
466397.955 6797999.312 1330.416
466399.334 6797998.900 1329.546
466398.879 6797998.885 1329.800
466398.424 6797998.871 1330.077
466397.969 6797998.857 1330.336
466399.760 6797999.824 1329.635
466399.774 6797999.369 1329.464
466399.789 6797998.914 1329.327
